#	             RT cells					Cold Cells		
#
#            WT		         Mutants			WT		Mutant	
#
#Hrs	OD600	Hrs	OD60	Hrs	OD600	Hrs	OD600
#0	0.005	0	0.002	0	0.005	0	0.002

11	0.449	11	0.548	23	0.058	23	0.051
11.5	0.591	14	1.393	34	0.216	34	0.179
14	1.218	14.5	1.555	36.5	0.322	36.5	0.234
14.5	1.361	16	1.694	39	0.457	39	0.338
15.5	1.536	19	1.813	41.5	0.662	41.5	0.45
19	1.768	0	0	44.5	0.953	42.5	0.542
0	0	0	0	45.5	1.092	44.5	0.718
0	0	0	0	48.5	1.42	48.5	1.081
0	0	0	0	50	1.529	51.5	1.416
0	0	0	0	51.5	1.63	53	1.497
0	0	0	0	53	1.686	55	1.623
0	0	0	0	55	1.732		
