#Growth comparison of Wild type v/s Mutant (delta rpoS) pH 5.5									
#
#	RT								
#
#WT	Mutant	WTTime(hrs)	Mutant Time			WT	Time	Mutant	Time
0.01	0.01	0	0	0.01	0	0.01	0
0.18	0.059	12	12	0.018	25	0.015	25
0.755	0.169	15.5	15.5	0.042	42	0.037	42
1.988	0.645	18.5	18.5	0.08	51	0.068	51
2.636	1.29	21	21	0.248	63	0.222	63
2.885	2.32	24	24.5	0.516	69	0.42	69
3.04	2.792	27	27.5	1.016	75	0.78	75
0	0	0	0       1.925	81.5	1.416	81.5
0	0	0	0	2.51	87.5	2.152	87.5
0	0	0	0	2.915	93.5	2.6	93.5
